VARIABLES = "CoordinateX", "CoordinateY", "CoordinateZ"
Zone T="wing_surface" I=2400
DATAPACKING=POINT
0.000599 0.028707 0.000000 
0.263134 0.089147 0.000000 
0.525658 0.147994 0.000000 
0.788171 0.205232 0.000000 
1.050674 0.260831 0.000000 
1.313168 0.314721 0.000000 
1.575653 0.366766 0.000000 
1.838131 0.416704 0.000000 
2.100602 0.464059 0.000000 
2.363067 0.508032 0.000000 
2.625526 0.547410 0.000000 
2.887981 0.581054 0.000000 
3.150432 0.608730 0.000000 
3.412880 0.630543 0.000000 
3.675326 0.646873 0.000000 
3.937770 0.658391 0.000000 
4.200214 0.666025 0.000000 
4.462657 0.670824 0.000000 
4.725101 0.673273 0.000000 
4.987547 0.673300 0.000000 
5.249996 0.670753 0.000000 
5.512447 0.665446 0.000000 
5.774902 0.657178 0.000000 
6.037362 0.645766 0.000000 
6.299827 0.631104 0.000000 
6.562298 0.613151 0.000000 
6.824777 0.591866 0.000000 
7.087263 0.567211 0.000000 
7.349757 0.539143 0.000000 
7.612261 0.507624 0.000000 
7.874774 0.472615 0.000000 
8.137299 0.434106 0.000000 
8.399835 0.392096 0.000000 
8.662383 0.346585 0.000000 
8.924944 0.297573 0.000000 
9.187520 0.245060 0.000000 
9.450109 0.189046 0.000000 
9.712714 0.129532 0.000000 
9.975336 0.066516 0.000000 
10.237974 0.000000 0.000000 
0.000599 0.028707 0.000000 
0.263057 -0.040875 0.000000 
0.525527 -0.106993 0.000000 
0.788008 -0.169449 0.000000 
1.050499 -0.228028 0.000000 
1.312998 -0.282489 0.000000 
1.575506 -0.332581 0.000000 
1.838022 -0.378062 0.000000 
2.100545 -0.418746 0.000000 
2.363074 -0.454597 0.000000 
2.625608 -0.485850 0.000000 
2.888146 -0.512877 0.000000 
3.150689 -0.535840 0.000000 
3.413235 -0.555056 0.000000 
3.675782 -0.571072 0.000000 
3.938332 -0.584656 0.000000 
4.200882 -0.596720 0.000000 
4.463432 -0.608159 0.000000 
4.725981 -0.618978 0.000000 
4.988529 -0.628419 0.000000 
5.251074 -0.635634 0.000000 
5.513616 -0.639740 0.000000 
5.776155 -0.639843 0.000000 
6.038689 -0.635078 0.000000 
6.301217 -0.625093 0.000000 
6.563739 -0.610160 0.000000 
6.826255 -0.590627 0.000000 
7.088762 -0.566835 0.000000 
7.351261 -0.539087 0.000000 
7.613751 -0.507624 0.000000 
7.876231 -0.472615 0.000000 
8.138700 -0.434106 0.000000 
8.401158 -0.392096 0.000000 
8.663603 -0.346585 0.000000 
8.926035 -0.297573 0.000000 
9.188454 -0.245060 0.000000 
9.450858 -0.189046 0.000000 
9.713246 -0.129532 0.000000 
9.975618 -0.066516 0.000000 
10.237974 0.000000 0.000000 
0.485894 0.112337 1.013103 
0.740416 0.171530 1.013103 
0.994925 0.229001 1.013103 
1.249422 0.284759 1.013103 
1.503908 0.338794 1.013103 
1.758384 0.391061 1.013103 
2.012850 0.441449 1.013103 
2.267307 0.489724 1.013103 
2.521756 0.535445 1.013103 
2.776199 0.577855 1.013103 
3.030635 0.615797 1.013103 
3.285066 0.648176 1.013103 
3.539492 0.674764 1.013103 
3.793915 0.695661 1.013103 
4.048335 0.711241 1.013103 
4.302752 0.722162 1.013103 
4.557169 0.729337 1.013103 
4.811585 0.733798 1.013103 
5.066001 0.736024 1.013103 
5.320419 0.735950 1.013103 
5.574839 0.733433 1.013103 
5.829262 0.728293 1.013103 
6.083688 0.720339 1.013103 
6.338119 0.709395 1.013103 
6.592555 0.695356 1.013103 
6.846998 0.678170 1.013103 
7.101448 0.657792 1.013103 
7.355905 0.634176 1.013103 
7.610372 0.607277 1.013103 
7.864848 0.577054 1.013103 
8.119334 0.543473 1.013103 
8.373831 0.506560 1.013103 
8.628341 0.466359 1.013103 
8.882863 0.422903 1.013103 
9.137399 0.376220 1.013103 
9.391949 0.326332 1.013103 
9.646515 0.273260 1.013103 
9.901097 0.217023 1.013103 
10.155696 0.157639 1.013103 
10.410313 0.095128 1.013103 
0.485894 0.112337 1.013103 
0.740317 0.046247 1.013103 
0.994752 -0.016457 1.013103 
1.249200 -0.075626 1.013103 
1.503659 -0.131091 1.013103 
1.758128 -0.182663 1.013103 
2.012606 -0.230138 1.013103 
2.267093 -0.273317 1.013103 
2.521588 -0.312038 1.013103 
2.776090 -0.346253 1.013103 
3.030599 -0.376126 1.013103 
3.285112 -0.401941 1.013103 
3.539631 -0.423843 1.013103 
3.794153 -0.442145 1.013103 
4.048677 -0.457387 1.013103 
4.303204 -0.470325 1.013103 
4.557732 -0.481860 1.013103 
4.812261 -0.492873 1.013103 
5.066789 -0.503369 1.013103 
5.321316 -0.512598 1.013103 
5.575841 -0.519722 1.013103 
5.830362 -0.523869 1.013103 
6.084881 -0.524156 1.013103 
6.339394 -0.519728 1.013103 
6.593902 -0.510236 1.013103 
6.848404 -0.495947 1.013103 
7.102899 -0.477205 1.013103 
7.357386 -0.454346 1.013103 
7.611864 -0.427670 1.013103 
7.866333 -0.397419 1.013103 
8.120791 -0.363750 1.013103 
8.375238 -0.326633 1.013103 
8.629673 -0.286007 1.013103 
8.884096 -0.241863 1.013103 
9.138504 -0.194221 1.013103 
9.392898 -0.143115 1.013103 
9.647277 -0.088586 1.013103 
9.901640 -0.030676 1.013103 
10.155985 0.030575 1.013103 
10.410313 0.095128 1.013103 
0.971006 0.197154 2.026207 
1.217528 0.255131 2.026207 
1.464036 0.311242 2.026207 
1.710531 0.365517 2.026207 
1.957015 0.417969 2.026207 
2.203487 0.468578 2.026207 
2.449950 0.517257 2.026207 
2.696403 0.563804 2.026207 
2.942847 0.607819 2.026207 
3.189285 0.648601 2.026207 
3.435715 0.685066 2.026207 
3.682140 0.716183 2.026207 
3.928561 0.741729 2.026207 
4.174977 0.761799 2.026207 
4.421390 0.776748 2.026207 
4.667801 0.787213 2.026207 
4.914211 0.794073 2.026207 
5.160620 0.798326 2.026207 
5.407030 0.800443 2.026207 
5.653441 0.800370 2.026207 
5.899854 0.797977 2.026207 
6.146271 0.793101 2.026207 
6.392691 0.785567 2.026207 
6.639116 0.775212 2.026207 
6.885548 0.761927 2.026207 
7.131985 0.745639 2.026207 
7.378430 0.726279 2.026207 
7.624884 0.703788 2.026207 
7.871347 0.678110 2.026207 
8.117820 0.649203 2.026207 
8.364304 0.617041 2.026207 
8.610800 0.581691 2.026207 
8.857308 0.543244 2.026207 
9.103831 0.501770 2.026207 
9.350368 0.457321 2.026207 
9.596920 0.409938 2.026207 
9.843489 0.359654 2.026207 
10.090075 0.306503 2.026207 
10.336679 0.250515 2.026207 
10.583302 0.191722 2.026207 
0.971006 0.197154 2.026207 
1.217423 0.134569 2.026207 
1.463853 0.075275 2.026207 
1.710296 0.019374 2.026207 
1.956751 -0.033016 2.026207 
2.203217 -0.081757 2.026207 
2.449693 -0.126694 2.026207 
2.696178 -0.167671 2.026207 
2.942671 -0.204550 2.026207 
3.189172 -0.237265 2.026207 
3.435680 -0.265900 2.026207 
3.682193 -0.290637 2.026207 
3.928711 -0.311601 2.026207 
4.175233 -0.329094 2.026207 
4.421758 -0.343643 2.026207 
4.668285 -0.355983 2.026207 
4.914814 -0.366992 2.026207 
5.161343 -0.377532 2.026207 
5.407871 -0.387611 2.026207 
5.654398 -0.396497 2.026207 
5.900923 -0.403377 2.026207 
6.147445 -0.407402 2.026207 
6.393963 -0.407711 2.026207 
6.640476 -0.403473 2.026207 
6.886983 -0.394342 2.026207 
7.133483 -0.380575 2.026207 
7.379976 -0.362500 2.026207 
7.626461 -0.340446 2.026207 
7.872936 -0.314706 2.026207 
8.119402 -0.285522 2.026207 
8.365856 -0.253046 2.026207 
8.612298 -0.217199 2.026207 
8.858728 -0.177887 2.026207 
9.105143 -0.135094 2.026207 
9.351545 -0.088857 2.026207 
9.597931 -0.039236 2.026207 
9.844300 0.013702 2.026207 
10.090652 0.069886 2.026207 
10.336987 0.129247 2.026207 
10.583302 0.191722 2.026207 
1.455897 0.283429 3.039310 
1.694435 0.340226 3.039310 
1.932959 0.394994 3.039310 
2.171471 0.447785 3.039310 
2.409971 0.498633 3.039310 
2.648459 0.547541 3.039310 
2.886938 0.594451 3.039310 
3.125407 0.639196 3.039310 
3.363868 0.681425 3.039310 
3.602322 0.720508 3.039310 
3.840770 0.755457 3.039310 
4.079212 0.785321 3.039310 
4.317649 0.809887 3.039310 
4.556083 0.829237 3.039310 
4.794514 0.843703 3.039310 
5.032943 0.853881 3.039310 
5.271371 0.860600 3.039310 
5.509800 0.864803 3.039310 
5.748229 0.866944 3.039310 
5.986660 0.866988 3.039310 
6.225094 0.864831 3.039310 
6.463532 0.860330 3.039310 
6.701975 0.853336 3.039310 
6.940423 0.843708 3.039310 
7.178877 0.831329 3.039310 
7.417339 0.816085 3.039310 
7.655810 0.797872 3.039310 
7.894289 0.776603 3.039310 
8.132779 0.752209 3.039310 
8.371280 0.724642 3.039310 
8.609793 0.693888 3.039310 
8.848319 0.660061 3.039310 
9.086859 0.623305 3.039310 
9.325414 0.583725 3.039310 
9.563984 0.541395 3.039310 
9.802571 0.496369 3.039310 
10.041176 0.448690 3.039310 
10.279799 0.398396 3.039310 
10.518442 0.345522 3.039310 
10.757105 0.290104 3.039310 
1.455897 0.283429 3.039310 
1.694343 0.224349 3.039310 
1.932804 0.168450 3.039310 
2.171277 0.115782 3.039310 
2.409763 0.066414 3.039310 
2.648259 0.020430 3.039310 
2.886765 -0.022069 3.039310 
3.125281 -0.060966 3.039310 
3.363805 -0.096145 3.039310 
3.602336 -0.127520 3.039310 
3.840874 -0.155082 3.039310 
4.079417 -0.178895 3.039310 
4.317965 -0.199062 3.039310 
4.556516 -0.215867 3.039310 
4.795070 -0.229812 3.039310 
5.033626 -0.241603 3.039310 
5.272183 -0.252085 3.039310 
5.510739 -0.262090 3.039310 
5.749295 -0.271634 3.039310 
5.987849 -0.280018 3.039310 
6.226400 -0.286467 3.039310 
6.464947 -0.290172 3.039310 
6.703490 -0.290312 3.039310 
6.942027 -0.286089 3.039310 
7.180557 -0.277168 3.039310 
7.419080 -0.263779 3.039310 
7.657595 -0.246230 3.039310 
7.896100 -0.224834 3.039310 
8.134595 -0.199874 3.039310 
8.373079 -0.171590 3.039310 
8.611551 -0.140136 3.039310 
8.850010 -0.105420 3.039310 
9.088456 -0.067337 3.039310 
9.326886 -0.025876 3.039310 
9.565300 0.018916 3.039310 
9.803698 0.066966 3.039310 
10.042079 0.118193 3.039310 
10.280441 0.172511 3.039310 
10.518783 0.229840 3.039310 
10.757105 0.290104 3.039310 
1.940517 0.371531 4.052414 
2.171094 0.427272 4.052414 
2.401658 0.480796 4.052414 
2.632209 0.532175 4.052414 
2.862750 0.581466 4.052414 
3.093280 0.628694 4.052414 
3.323800 0.673831 4.052414 
3.554313 0.716751 4.052414 
3.784817 0.757161 4.052414 
4.015316 0.794519 4.052414 
4.245808 0.827959 4.052414 
4.476296 0.856632 4.052414 
4.706781 0.880334 4.052414 
4.937262 0.899132 4.052414 
5.167742 0.913320 4.052414 
5.398221 0.923437 4.052414 
5.628700 0.930241 4.052414 
5.859181 0.934593 4.052414 
6.089663 0.936926 4.052414 
6.320149 0.937234 4.052414 
6.550638 0.935441 4.052414 
6.781132 0.931443 4.052414 
7.011633 0.925122 4.052414 
7.242140 0.916368 4.052414 
7.472654 0.905051 4.052414 
7.703178 0.890999 4.052414 
7.933711 0.874053 4.052414 
8.164255 0.854088 4.052414 
8.394811 0.831013 4.052414 
8.625379 0.804774 4.052414 
8.855960 0.775371 4.052414 
9.086556 0.742971 4.052414 
9.317168 0.707775 4.052414 
9.547796 0.669924 4.052414 
9.778441 0.629510 4.052414 
10.009105 0.586595 4.052414 
10.239787 0.541224 4.052414 
10.470490 0.493433 4.052414 
10.701214 0.443253 4.052414 
10.931960 0.390713 4.052414 
1.940517 0.371531 4.052414 
2.171039 0.315853 4.052414 
2.401575 0.263232 4.052414 
2.632123 0.213668 4.052414 
2.862682 0.167174 4.052414 
3.093252 0.123779 4.052414 
3.323831 0.083532 4.052414 
3.554418 0.046507 4.052414 
3.785013 0.012799 4.052414 
4.015615 -0.017474 4.052414 
4.246222 -0.044198 4.052414 
4.476834 -0.067308 4.052414 
4.707449 -0.086874 4.052414 
4.938067 -0.103155 4.052414 
5.168687 -0.116618 4.052414 
5.399307 -0.127928 4.052414 
5.629928 -0.137883 4.052414 
5.860547 -0.147278 4.052414 
6.091164 -0.156143 4.052414 
6.321779 -0.163832 4.052414 
6.552389 -0.169625 4.052414 
6.782994 -0.172768 4.052414 
7.013594 -0.172500 4.052414 
7.244186 -0.168076 4.052414 
7.474771 -0.159169 4.052414 
7.705347 -0.145974 4.052414 
7.935914 -0.128764 4.052414 
8.166470 -0.107826 4.052414 
8.397014 -0.083430 4.052414 
8.627545 -0.055813 4.052414 
8.858063 -0.025137 4.052414 
9.088567 0.008664 4.052414 
9.319055 0.045671 4.052414 
9.549527 0.085884 4.052414 
9.779981 0.129251 4.052414 
10.010418 0.175699 4.052414 
10.240835 0.225148 4.052414 
10.471231 0.277517 4.052414 
10.701607 0.332730 4.052414 
10.931960 0.390713 4.052414 
2.424810 0.461972 5.065517 
2.647456 0.516636 5.065517 
2.870090 0.568875 5.065517 
3.092713 0.618780 5.065517 
3.315327 0.666427 5.065517 
3.537932 0.711868 5.065517 
3.760529 0.755106 5.065517 
3.983120 0.796063 5.065517 
4.205704 0.834519 5.065517 
4.428284 0.870037 5.065517 
4.650860 0.901906 5.065517 
4.873433 0.929405 5.065517 
5.096004 0.952340 5.065517 
5.318574 0.970754 5.065517 
5.541144 0.984888 5.065517 
5.763715 0.995202 5.065517 
5.986287 1.002347 5.065517 
6.208863 1.007074 5.065517 
6.431443 1.009788 5.065517 
6.654027 1.010516 5.065517 
6.876617 1.009233 5.065517 
7.099214 1.005879 5.065517 
7.321819 1.000385 5.065517 
7.544432 0.992685 5.065517 
7.767055 0.982633 5.065517 
7.989689 0.969976 5.065517 
8.212335 0.954482 5.065517 
8.434993 0.935971 5.065517 
8.657664 0.914323 5.065517 
8.880350 0.889477 5.065517 
9.103052 0.861446 5.065517 
9.325770 0.830456 5.065517 
9.548506 0.796769 5.065517 
9.771260 0.760560 5.065517 
9.994033 0.721937 5.065517 
10.216827 0.680963 5.065517 
10.439642 0.637678 5.065517 
10.662479 0.592106 5.065517 
10.885340 0.544262 5.065517 
11.108225 0.494161 5.065517 
2.424810 0.461972 5.065517 
2.647467 0.409704 5.065517 
2.870136 0.360350 5.065517 
3.092816 0.313857 5.065517 
3.315506 0.270181 5.065517 
3.538204 0.229295 5.065517 
3.760910 0.191193 5.065517 
3.983623 0.155906 5.065517 
4.206342 0.123511 5.065517 
4.429065 0.094159 5.065517 
4.651793 0.068082 5.065517 
4.874523 0.045494 5.065517 
5.097256 0.026364 5.065517 
5.319989 0.010468 5.065517 
5.542723 -0.002611 5.065517 
5.765455 -0.013479 5.065517 
5.988186 -0.022871 5.065517 
6.210913 -0.031531 5.065517 
6.433637 -0.039514 5.065517 
6.656356 -0.046247 5.065517 
6.879069 -0.051090 5.065517 
7.101775 -0.053373 5.065517 
7.324474 -0.052415 5.065517 
7.547164 -0.047550 5.065517 
7.769844 -0.038459 5.065517 
7.992514 -0.025284 5.065517 
8.215172 -0.008250 5.065517 
8.437817 0.012396 5.065517 
8.660449 0.036405 5.065517 
8.883066 0.063547 5.065517 
9.105668 0.093642 5.065517 
9.328253 0.126684 5.065517 
9.550821 0.162695 5.065517 
9.773370 0.201651 5.065517 
9.995900 0.243503 5.065517 
10.218409 0.288190 5.065517 
10.440898 0.335654 5.065517 
10.663364 0.385838 5.065517 
10.885806 0.438690 5.065517 
11.108225 0.494161 5.065517 
2.908719 0.555453 6.078621 
3.123475 0.608978 6.078621 
3.338223 0.659852 6.078621 
3.552962 0.708181 6.078621 
3.767694 0.754064 6.078621 
3.982421 0.797578 6.078621 
4.197142 0.838764 6.078621 
4.411859 0.877597 6.078621 
4.626573 0.913943 6.078621 
4.841285 0.947499 6.078621 
5.055996 0.977743 6.078621 
5.270707 1.004109 6.078621 
5.485418 1.026417 6.078621 
5.700131 1.044673 6.078621 
5.914847 1.059048 6.078621 
6.129566 1.069887 6.078621 
6.344290 1.077700 6.078621 
6.559020 1.083083 6.078621 
6.773756 1.086398 6.078621 
6.988500 1.087726 6.078621 
7.203252 1.087103 6.078621 
7.418014 1.084537 6.078621 
7.632786 1.080024 6.078621 
7.847569 1.073558 6.078621 
8.062365 1.064981 6.078621 
8.277174 1.053938 6.078621 
8.491998 1.040101 6.078621 
8.706836 1.023219 6.078621 
8.921691 1.003131 6.078621 
9.136563 0.979765 6.078621 
9.351454 0.953150 6.078621 
9.566363 0.923570 6.078621 
9.781293 0.891349 6.078621 
9.996244 0.856696 6.078621 
10.211216 0.819730 6.078621 
10.426212 0.780510 6.078621 
10.641232 0.739059 6.078621 
10.856276 0.695378 6.078621 
11.071347 0.649459 6.078621 
11.286444 0.601287 6.078621 
2.908719 0.555453 6.078621 
3.123590 0.506567 6.078621 
3.338469 0.460436 6.078621 
3.553357 0.416952 6.078621 
3.768251 0.376015 6.078621 
3.983152 0.337539 6.078621 
4.198057 0.301462 6.078621 
4.412967 0.267770 6.078621 
4.627880 0.236525 6.078621 
4.842795 0.207911 6.078621 
5.057711 0.182287 6.078621 
5.272627 0.160028 6.078621 
5.487543 0.141159 6.078621 
5.702457 0.125505 6.078621 
5.917368 0.112712 6.078621 
6.132276 0.102259 6.078621 
6.347179 0.093495 6.078621 
6.562076 0.085746 6.078621 
6.776967 0.078917 6.078621 
6.991850 0.073479 6.078621 
7.206725 0.069958 6.078621 
7.421590 0.068911 6.078621 
7.636445 0.070903 6.078621 
7.851288 0.076495 6.078621 
8.066119 0.085991 6.078621 
8.280937 0.099325 6.078621 
8.495741 0.116345 6.078621 
8.710529 0.136859 6.078621 
8.925301 0.160654 6.078621 
9.140056 0.187513 6.078621 
9.354792 0.217231 6.078621 
9.569510 0.249680 6.078621 
9.784207 0.284777 6.078621 
9.998883 0.322460 6.078621 
10.213538 0.362685 6.078621 
10.428169 0.405426 6.078621 
10.642776 0.450665 6.078621 
10.857358 0.498390 6.078621 
11.071915 0.548599 6.078621 
11.286444 0.601287 6.078621 
3.392231 0.652814 7.091724 
3.599157 0.705063 7.091724 
3.806078 0.754427 7.091724 
4.012995 0.801029 7.091724 
4.219910 0.844990 7.091724 
4.426822 0.886412 7.091724 
4.633734 0.925379 7.091724 
4.840645 0.961928 7.091724 
5.047557 0.996028 7.091724 
5.254472 1.027531 7.091724 
5.461389 1.056135 7.091724 
5.668309 1.081466 7.091724 
5.875235 1.103356 7.091724 
6.082166 1.121763 7.091724 
6.289104 1.136760 7.091724 
6.496049 1.148543 7.091724 
6.703002 1.157427 7.091724 
6.909965 1.163801 7.091724 
7.116939 1.167962 7.091724 
7.323923 1.170064 7.091724 
7.530920 1.170224 7.091724 
7.737930 1.168541 7.091724 
7.944954 1.165102 7.091724 
8.151993 1.159981 7.091724 
8.359048 1.153032 7.091724 
8.566120 1.143781 7.091724 
8.773210 1.131784 7.091724 
8.980319 1.116701 7.091724 
9.187447 1.098321 7.091724 
9.394596 1.076553 7.091724 
9.601767 1.051436 7.091724 
9.808960 1.023302 7.091724 
10.016177 0.992536 7.091724 
10.223418 0.959377 7.091724 
10.430685 0.923951 7.091724 
10.637978 0.886303 7.091724 
10.845298 0.846433 7.091724 
11.052646 0.804309 7.091724 
11.260024 0.759888 7.091724 
11.467431 0.713116 7.091724 
3.392231 0.652814 7.091724 
3.599418 0.607184 7.091724 
3.806610 0.564145 7.091724 
4.013806 0.523539 7.091724 
4.221004 0.485210 7.091724 
4.428205 0.449016 7.091724 
4.635406 0.414839 7.091724 
4.842607 0.382620 7.091724 
5.049808 0.352398 7.091724 
5.257006 0.324391 7.091724 
5.464202 0.299067 7.091724 
5.671394 0.276980 7.091724 
5.878582 0.258228 7.091724 
6.085763 0.242694 7.091724 
6.292939 0.230118 7.091724 
6.500106 0.220085 7.091724 
6.707265 0.212060 7.091724 
6.914415 0.205464 7.091724 
7.121555 0.200143 7.091724 
7.328683 0.196425 7.091724 
7.535799 0.194688 7.091724 
7.742902 0.195329 7.091724 
7.949991 0.198758 7.091724 
8.157064 0.205390 7.091724 
8.364122 0.215504 7.091724 
8.571163 0.229139 7.091724 
8.778186 0.246250 7.091724 
8.985190 0.266728 7.091724 
9.192175 0.290414 7.091724 
9.399138 0.317119 7.091724 
9.606081 0.346619 7.091724 
9.813000 0.378618 7.091724 
10.019896 0.412874 7.091724 
10.226768 0.449267 7.091724 
10.433614 0.487764 7.091724 
10.640434 0.528382 7.091724 
10.847227 0.571165 7.091724 
11.053991 0.616171 7.091724 
11.260726 0.663466 7.091724 
11.467431 0.713116 7.091724 
3.875551 0.754443 8.104828 
4.074725 0.805143 8.104828 
4.273899 0.852758 8.104828 
4.473075 0.897430 8.104828 
4.672254 0.939298 8.104828 
4.871437 0.978498 8.104828 
5.070624 1.015153 8.104828 
5.269816 1.049372 8.104828 
5.469014 1.081229 8.104828 
5.668220 1.110742 8.104828 
5.867433 1.137836 8.104828 
6.066656 1.162347 8.104828 
6.265888 1.184125 8.104828 
6.465131 1.203069 8.104828 
6.664385 1.219129 8.104828 
6.863652 1.232315 8.104828 
7.062933 1.242697 8.104828 
7.262227 1.250397 8.104828 
7.461537 1.255601 8.104828 
7.660863 1.258547 8.104828 
7.860205 1.259461 8.104828 
8.059566 1.258558 8.104828 
8.258945 1.256041 8.104828 
8.458344 1.252093 8.104828 
8.657763 1.246639 8.104828 
8.857203 1.239112 8.104828 
9.056666 1.228948 8.104828 
9.256152 1.215711 8.104828 
9.455662 1.199126 8.104828 
9.655197 1.179074 8.104828 
9.854758 1.155591 8.104828 
10.054346 1.129018 8.104828 
10.253961 1.099784 8.104828 
10.453604 1.068153 8.104828 
10.653277 1.034251 8.104828 
10.852981 0.998107 8.104828 
11.052715 0.959693 8.104828 
11.252482 0.918943 8.104828 
11.452281 0.875772 8.104828 
11.652114 0.830084 8.104828 
3.875551 0.754443 8.104828 
4.075176 0.711678 8.104828 
4.274800 0.671381 8.104828 
4.474422 0.633351 8.104828 
4.674041 0.597387 8.104828 
4.873657 0.563301 8.104828 
5.073268 0.530927 8.104828 
5.272874 0.500160 8.104828 
5.472474 0.471010 8.104828 
5.672066 0.443693 8.104828 
5.871651 0.418736 8.104828 
6.071226 0.396849 8.104828 
6.270792 0.378229 8.104828 
6.470347 0.362835 8.104828 
6.669891 0.350515 8.104828 
6.869422 0.340991 8.104828 
7.068940 0.333875 8.104828 
7.268443 0.328715 8.104828 
7.467932 0.325291 8.104828 
7.667404 0.323746 8.104828 
7.866860 0.324260 8.104828 
8.066297 0.327027 8.104828 
8.265716 0.332256 8.104828 
8.465115 0.340169 8.104828 
8.664494 0.350987 8.104828 
8.863852 0.364885 8.104828 
9.063187 0.381968 8.104828 
9.262499 0.402254 8.104828 
9.461787 0.425676 8.104828 
9.661050 0.452098 8.104828 
9.860288 0.481310 8.104828 
10.059498 0.512856 8.104828 
10.258681 0.546291 8.104828 
10.457836 0.581409 8.104828 
10.656961 0.618172 8.104828 
10.856055 0.656642 8.104828 
11.055119 0.696930 8.104828 
11.254151 0.739171 8.104828 
11.453149 0.783508 8.104828 
11.652114 0.830084 8.104828 
4.359465 0.858530 9.117931 
4.550963 0.907228 9.117931 
4.742467 0.952767 9.117931 
4.933979 0.995306 9.117931 
5.125500 1.035006 9.117931 
5.317030 1.072031 9.117931 
5.508570 1.106548 9.117931 
5.700121 1.138723 9.117931 
5.891684 1.168721 9.117931 
6.083260 1.196685 9.117931 
6.274849 1.222709 9.117931 
6.466452 1.246796 9.117931 
6.658071 1.268827 9.117931 
6.849705 1.288644 9.117931 
7.041357 1.306072 9.117931 
7.233026 1.320926 9.117931 
7.424713 1.333020 9.117931 
7.616420 1.342186 9.117931 
7.808147 1.348410 9.117931 
7.999895 1.351989 9.117931 
8.191665 1.353273 9.117931 
8.383457 1.352607 9.117931 
8.575273 1.350322 9.117931 
8.767113 1.346731 9.117931 
8.958978 1.341936 9.117931 
9.150869 1.335398 9.117931 
9.342787 1.326489 9.117931 
9.534733 1.314705 9.117931 
9.726707 1.299716 9.117931 
9.918710 1.281362 9.117931 
10.110744 1.259647 9.117931 
10.302808 1.234844 9.117931 
10.494904 1.207376 9.117931 
10.687033 1.177514 9.117931 
10.879195 1.145381 9.117931 
11.071391 1.110997 9.117931 
11.263623 1.074318 9.117931 
11.455890 1.035260 9.117931 
11.648194 0.993717 9.117931 
11.840536 0.949567 9.117931 
4.359465 0.858530 9.117931 
4.551612 0.817733 9.117931 
4.743752 0.779406 9.117931 
4.935885 0.743330 9.117931 
5.128009 0.709287 9.117931 
5.320123 0.677066 9.117931 
5.512228 0.646474 9.117931 
5.704321 0.617373 9.117931 
5.896403 0.589725 9.117931 
6.088472 0.563684 9.117931 
6.280528 0.539710 9.117931 
6.472569 0.518545 9.117931 
6.664595 0.500516 9.117931 
6.856605 0.485649 9.117931 
7.048598 0.473901 9.117931 
7.240574 0.465136 9.117931 
7.432531 0.459133 9.117931 
7.624469 0.455594 9.117931 
7.816387 0.454264 9.117931 
8.008283 0.455081 9.117931 
8.200158 0.458009 9.117931 
8.392011 0.463012 9.117931 
8.583839 0.470069 9.117931 
8.775644 0.479182 9.117931 
8.967423 0.490437 9.117931 
9.159177 0.504140 9.117931 
9.350904 0.520585 9.117931 
9.542603 0.539969 9.117931 
9.734273 0.562377 9.117931 
9.925915 0.587776 9.117931 
10.117526 0.616034 9.117931 
10.309106 0.646690 9.117931 
10.500655 0.679127 9.117931 
10.692171 0.713025 9.117931 
10.883653 0.748307 9.117931 
11.075102 0.785035 9.117931 
11.266515 0.823348 9.117931 
11.457892 0.863417 9.117931 
11.649233 0.905427 9.117931 
11.840536 0.949567 9.117931 
4.844969 0.963792 10.131034 
5.028864 1.009995 10.131034 
5.212770 1.053140 10.131034 
5.396690 1.093395 10.131034 
5.580624 1.130934 10.131034 
5.764572 1.165941 10.131034 
5.948535 1.198607 10.131034 
6.132515 1.229140 10.131034 
6.316511 1.257753 10.131034 
6.500526 1.284658 10.131034 
6.684558 1.310035 10.131034 
6.868610 1.333977 10.131034 
7.052682 1.356415 10.131034 
7.236774 1.377164 10.131034 
7.420888 1.395961 10.131034 
7.605025 1.412471 10.131034 
7.789184 1.426293 10.131034 
7.973368 1.437003 10.131034 
8.157576 1.444272 10.131034 
8.341809 1.448323 10.131034 
8.526068 1.449614 10.131034 
8.710355 1.448608 10.131034 
8.894669 1.445766 10.131034 
9.079012 1.441518 10.131034 
9.263384 1.436199 10.131034 
9.447786 1.429537 10.131034 
9.632219 1.420945 10.131034 
9.816683 1.409916 10.131034 
10.001180 1.396088 10.131034 
10.185710 1.379261 10.131034 
10.370274 1.359385 10.131034 
10.554873 1.336591 10.131034 
10.739507 1.311203 10.131034 
10.924178 1.283461 10.131034 
11.108885 1.253477 10.131034 
11.293630 1.221272 10.131034 
11.478414 1.186809 10.131034 
11.663237 1.150013 10.131034 
11.848100 1.110787 10.131034 
12.033005 1.069024 10.131034 
4.844969 0.963792 10.131034 
5.029692 0.923901 10.131034 
5.214402 0.886606 10.131034 
5.399100 0.851710 10.131034 
5.583783 0.819016 10.131034 
5.768452 0.788327 10.131034 
5.953106 0.759461 10.131034 
6.137744 0.732265 10.131034 
6.322364 0.706656 10.131034 
6.506967 0.682681 10.131034 
6.691552 0.660604 10.131034 
6.876117 0.640974 10.131034 
7.060663 0.624223 10.131034 
7.245187 0.610434 10.131034 
7.429691 0.599646 10.131034 
7.614171 0.591854 10.131034 
7.798629 0.586997 10.131034 
7.983063 0.584953 10.131034 
8.167472 0.585540 10.131034 
8.351856 0.588538 10.131034 
8.536214 0.593701 10.131034 
8.720544 0.600773 10.131034 
8.904847 0.609508 10.131034 
9.089122 0.619684 10.131034 
9.273367 0.631159 10.131034 
9.457582 0.644221 10.131034 
9.641766 0.659371 10.131034 
9.825919 0.677027 10.131034 
10.010039 0.697477 10.131034 
10.194127 0.720863 10.131034 
10.378180 0.747191 10.131034 
10.562198 0.776215 10.131034 
10.746181 0.807294 10.131034 
10.930128 0.839992 10.131034 
11.114038 0.874137 10.131034 
11.297910 0.909728 10.131034 
11.481744 0.946861 10.131034 
11.665538 0.985677 10.131034 
11.849292 1.026341 10.131034 
12.033005 1.069024 10.131034 
5.392544 1.071503 11.144138 
5.568916 1.114798 11.144138 
5.745305 1.155330 11.144138 
5.921711 1.193256 11.144138 
6.098136 1.228737 11.144138 
6.274581 1.261950 11.144138 
6.451045 1.293090 11.144138 
6.627530 1.322365 11.144138 
6.804036 1.350002 11.144138 
6.980565 1.376233 11.144138 
7.157116 1.401258 11.144138 
7.333692 1.425190 11.144138 
7.510291 1.447978 11.144138 
7.686915 1.469437 11.144138 
7.863566 1.489262 11.144138 
8.040242 1.507023 11.144138 
8.216946 1.522177 11.144138 
8.393678 1.534112 11.144138 
8.570439 1.542261 11.144138 
8.747229 1.546694 11.144138 
8.924049 1.547925 11.144138 
9.100900 1.546502 11.144138 
9.277782 1.542968 11.144138 
9.454697 1.537842 11.144138 
9.631645 1.531575 11.144138 
9.808626 1.524160 11.144138 
9.985642 1.515174 11.144138 
10.162693 1.504217 11.144138 
10.339780 1.490980 11.144138 
10.516904 1.475273 11.144138 
10.694065 1.457022 11.144138 
10.871264 1.436263 11.144138 
11.048502 1.413135 11.144138 
11.225779 1.387747 11.144138 
11.403097 1.360152 11.144138 
11.580455 1.330356 11.144138 
11.757855 1.298335 11.144138 
11.935298 1.264046 11.144138 
12.112784 1.227431 11.144138 
12.290313 1.188426 11.144138 
5.392544 1.071503 11.144138 
5.569905 1.031868 11.144138 
5.747248 0.994935 11.144138 
5.924573 0.960568 11.144138 
6.101880 0.928628 11.144138 
6.279167 0.898977 11.144138 
6.456434 0.871485 11.144138 
6.633681 0.846036 11.144138 
6.810906 0.822547 11.144138 
6.988110 0.800996 11.144138 
7.165290 0.781468 11.144138 
7.342446 0.764203 11.144138 
7.519579 0.749460 11.144138 
7.696686 0.737329 11.144138 
7.873768 0.727891 11.144138 
8.050823 0.721232 11.144138 
8.227850 0.717430 11.144138 
8.404850 0.716532 11.144138 
8.581821 0.718525 11.144138 
8.758763 0.723161 11.144138 
8.935675 0.730025 11.144138 
9.112555 0.738677 11.144138 
9.289405 0.748682 11.144138 
9.466222 0.759626 11.144138 
9.643006 0.771170 11.144138 
9.819756 0.783482 11.144138 
9.996472 0.797207 11.144138 
10.173152 0.812949 11.144138 
10.349797 0.831187 11.144138 
10.526405 0.852239 11.144138 
10.702976 0.876261 11.144138 
10.879509 0.903205 11.144138 
11.056003 0.932581 11.144138 
11.232457 0.963940 11.144138 
11.408871 0.997045 11.144138 
11.585244 1.031816 11.144138 
11.761576 1.068265 11.144138 
11.937865 1.106454 11.144138 
12.114111 1.146473 11.144138 
12.290313 1.188426 11.144138 
6.102634 1.180780 12.157241 
6.271557 1.221455 12.157241 
6.440501 1.259850 12.157241 
6.609468 1.296064 12.157241 
6.778457 1.330211 12.157241 
6.947470 1.362421 12.157241 
7.116508 1.392844 12.157241 
7.285570 1.421654 12.157241 
7.454658 1.449043 12.157241 
7.623773 1.475213 12.157241 
7.792915 1.500329 12.157241 
7.962084 1.524453 12.157241 
8.131282 1.547505 12.157241 
8.300508 1.569264 12.157241 
8.469765 1.589356 12.157241 
8.639052 1.607255 12.157241 
8.808370 1.622306 12.157241 
8.977720 1.633801 12.157241 
9.147102 1.641321 12.157241 
9.316518 1.645230 12.157241 
9.485967 1.646057 12.157241 
9.655451 1.644352 12.157241 
9.824969 1.640659 12.157241 
9.994524 1.635489 12.157241 
10.164115 1.629196 12.157241 
10.333744 1.621676 12.157241 
10.503410 1.612697 12.157241 
10.673115 1.602041 12.157241 
10.842859 1.589538 12.157241 
11.012643 1.575076 12.157241 
11.182468 1.558604 12.157241 
11.352334 1.540056 12.157241 
11.522242 1.519314 12.157241 
11.692192 1.496308 12.157241 
11.862186 1.471010 12.157241 
12.032223 1.443417 12.157241 
12.202306 1.413535 12.157241 
12.372433 1.381376 12.157241 
12.542607 1.346951 12.157241 
12.712827 1.310268 12.157241 
6.102634 1.180780 12.157241 
6.272696 1.142004 12.157241 
6.442736 1.105848 12.157241 
6.612754 1.072272 12.157241 
6.782749 1.041235 12.157241 
6.952720 1.012697 12.157241 
7.122667 0.986618 12.157241 
7.292588 0.962953 12.157241 
7.462484 0.941651 12.157241 
7.632354 0.922649 12.157241 
7.802197 0.905862 12.157241 
7.972012 0.891190 12.157241 
8.141798 0.878614 12.157241 
8.311556 0.868201 12.157241 
8.481283 0.860082 12.157241 
8.650980 0.854441 12.157241 
8.820647 0.851500 12.157241 
8.990281 0.851481 12.157241 
9.159883 0.854424 12.157241 
9.329452 0.859913 12.157241 
9.498987 0.867418 12.157241 
9.668487 0.876389 12.157241 
9.837953 0.886285 12.157241 
10.007382 0.896593 12.157241 
10.176775 0.907042 12.157241 
10.346131 0.918148 12.157241 
10.515449 0.930625 12.157241 
10.684728 0.945108 12.157241 
10.853968 0.962099 12.157241 
11.023168 0.981939 12.157241 
11.192328 1.004813 12.157241 
11.361446 1.030580 12.157241 
11.530523 1.058813 12.157241 
11.699557 1.089191 12.157241 
11.868547 1.121518 12.157241 
12.037494 1.155687 12.157241 
12.206396 1.191651 12.157241 
12.375252 1.229396 12.157241 
12.544063 1.268929 12.157241 
12.712827 1.310268 12.157241 
6.814365 1.289156 13.170345 
6.975919 1.328297 13.170345 
7.137498 1.365629 13.170345 
7.299104 1.401132 13.170345 
7.460737 1.434794 13.170345 
7.622397 1.466623 13.170345 
7.784085 1.496646 13.170345 
7.945802 1.524925 13.170345 
8.107549 1.551566 13.170345 
8.269325 1.576724 13.170345 
8.431133 1.600605 13.170345 
8.592971 1.623391 13.170345 
8.754842 1.645075 13.170345 
8.916745 1.665494 13.170345 
9.078682 1.684326 13.170345 
9.240652 1.701094 13.170345 
9.402657 1.715198 13.170345 
9.564697 1.725993 13.170345 
9.726772 1.733273 13.170345 
9.888884 1.737384 13.170345 
10.051033 1.738747 13.170345 
10.213220 1.737800 13.170345 
10.375445 1.734973 13.170345 
10.537709 1.730667 13.170345 
10.700012 1.725130 13.170345 
10.862356 1.718374 13.170345 
11.024740 1.710353 13.170345 
11.187166 1.700992 13.170345 
11.349633 1.690210 13.170345 
11.512144 1.677932 13.170345 
11.674698 1.664074 13.170345 
11.837296 1.648285 13.170345 
11.999938 1.630176 13.170345 
12.162626 1.609555 13.170345 
12.325359 1.586368 13.170345 
12.488139 1.560646 13.170345 
12.650966 1.532460 13.170345 
12.813841 1.501900 13.170345 
12.976764 1.469061 13.170345 
13.139736 1.434037 13.170345 
6.814365 1.289156 13.170345 
6.977190 1.252776 13.170345 
7.139988 1.218675 13.170345 
7.302760 1.186938 13.170345 
7.465506 1.157649 13.170345 
7.628224 1.130884 13.170345 
7.790913 1.106703 13.170345 
7.953574 1.085130 13.170345 
8.116206 1.066118 13.170345 
8.278807 1.049499 13.170345 
8.441378 1.034919 13.170345 
8.603917 1.021946 13.170345 
8.766424 1.010489 13.170345 
8.928899 1.000635 13.170345 
9.091341 0.992587 13.170345 
9.253748 0.986659 13.170345 
9.416122 0.983257 13.170345 
9.578460 0.982812 13.170345 
9.740762 0.985363 13.170345 
9.903028 0.990453 13.170345 
10.065257 0.997552 13.170345 
10.227448 1.006114 13.170345 
10.389601 1.015601 13.170345 
10.551715 1.025507 13.170345 
10.713790 1.035724 13.170345 
10.875825 1.046807 13.170345 
11.037818 1.059378 13.170345 
11.199770 1.073985 13.170345 
11.361681 1.091063 13.170345 
11.523548 1.110918 13.170345 
11.685372 1.133716 13.170345 
11.847152 1.159265 13.170345 
12.008888 1.187206 13.170345 
12.170578 1.217257 13.170345 
12.332223 1.249219 13.170345 
12.493821 1.282955 13.170345 
12.655372 1.318370 13.170345 
12.816875 1.355391 13.170345 
12.978330 1.393962 13.170345 
13.139736 1.434037 13.170345 
7.527629 1.396254 14.183448 
7.681896 1.434587 14.183448 
7.836193 1.471493 14.183448 
7.990520 1.506806 14.183448 
8.144877 1.540364 14.183448 
8.299265 1.572020 14.183448 
8.453685 1.601650 14.183448 
8.608137 1.629175 14.183448 
8.762621 1.654596 14.183448 
8.917139 1.678045 14.183448 
9.071691 1.699839 14.183448 
9.226277 1.720360 14.183448 
9.380899 1.739724 14.183448 
9.535556 1.757898 14.183448 
9.690249 1.774711 14.183448 
9.844979 1.789854 14.183448 
9.999747 1.802901 14.183448 
10.154552 1.813379 14.183448 
10.309396 1.821139 14.183448 
10.464280 1.826354 14.183448 
10.619203 1.829242 14.183448 
10.774166 1.830036 14.183448 
10.929171 1.828967 14.183448 
11.084217 1.826249 14.183448 
11.239305 1.822084 14.183448 
11.394435 1.816646 14.183448 
11.549610 1.810052 14.183448 
11.704827 1.802357 14.183448 
11.860090 1.793554 14.183448 
12.015397 1.783599 14.183448 
12.170750 1.772351 14.183448 
12.326150 1.759188 14.183448 
12.481596 1.743520 14.183448 
12.637089 1.725075 14.183448 
12.792630 1.703794 14.183448 
12.948220 1.679743 14.183448 
13.103860 1.653050 14.183448 
13.259548 1.623872 14.183448 
13.415288 1.592371 14.183448 
13.571078 1.558714 14.183448 
7.527629 1.396254 14.183448 
7.683282 1.363270 14.183448 
7.838905 1.332067 14.183448 
7.994499 1.302848 14.183448 
8.150062 1.275810 14.183448 
8.305594 1.251138 14.183448 
8.461095 1.228980 14.183448 
8.616564 1.209420 14.183448 
8.772000 1.192411 14.183448 
8.927402 1.177689 14.183448 
9.082771 1.164680 14.183448 
9.238105 1.152743 14.183448 
9.393404 1.141762 14.183448 
9.548668 1.131842 14.183448 
9.703895 1.123245 14.183448 
9.859085 1.116404 14.183448 
10.014238 1.111883 14.183448 
10.169353 1.110291 14.183448 
10.324429 1.111726 14.183448 
10.479466 1.115801 14.183448 
10.634464 1.122079 14.183448 
10.789421 1.130107 14.183448 
10.944337 1.139436 14.183448 
11.099211 1.149640 14.183448 
11.254044 1.160653 14.183448 
11.408833 1.172853 14.183448 
11.563580 1.186653 14.183448 
11.718282 1.202424 14.183448 
11.872940 1.220475 14.183448 
12.027553 1.241040 14.183448 
12.182121 1.264252 14.183448 
12.336642 1.289934 14.183448 
12.491117 1.317788 14.183448 
12.645544 1.347575 14.183448 
12.799923 1.379108 14.183448 
12.954253 1.412245 14.183448 
13.108534 1.446869 14.183448 
13.262766 1.482882 14.183448 
13.416947 1.520192 14.183448 
13.571078 1.558714 14.183448 
8.241648 1.500374 15.196552 
8.388720 1.538120 15.196552 
8.535824 1.574683 15.196552 
8.682961 1.609794 15.196552 
8.830132 1.643185 15.196552 
8.977337 1.674596 15.196552 
9.124576 1.703792 15.196552 
9.271851 1.730586 15.196552 
9.419161 1.754897 15.196552 
9.566507 1.776833 15.196552 
9.713890 1.796786 15.196552 
9.861311 1.815289 15.196552 
10.008769 1.832572 15.196552 
10.156265 1.848742 15.196552 
10.303801 1.863808 15.196552 
10.451376 1.877670 15.196552 
10.598991 1.890128 15.196552 
10.746646 1.900910 15.196552 
10.894342 1.909838 15.196552 
11.042080 1.916850 15.196552 
11.189861 1.921911 15.196552 
11.337683 1.924998 15.196552 
11.485550 1.926096 15.196552 
11.633459 1.925195 15.196552 
11.781414 1.922452 15.196552 
11.929413 1.918205 15.196552 
12.077457 1.912735 15.196552 
12.225547 1.906229 15.196552 
12.373684 1.898775 15.196552 
12.521868 1.890373 15.196552 
12.670099 1.880874 15.196552 
12.818379 1.869561 15.196552 
12.966707 1.855770 15.196552 
13.115084 1.839189 15.196552 
13.263511 1.819747 15.196552 
13.411989 1.797513 15.196552 
13.560517 1.772627 15.196552 
13.709096 1.745260 15.196552 
13.857727 1.715593 15.196552 
14.006411 1.683812 15.196552 
8.241648 1.500374 15.196552 
8.390204 1.470948 15.196552 
8.538729 1.442859 15.196552 
8.687221 1.416375 15.196552 
8.835679 1.391760 15.196552 
8.984103 1.369258 15.196552 
9.132492 1.349071 15.196552 
9.280847 1.331318 15.196552 
9.429165 1.315966 15.196552 
9.577448 1.302723 15.196552 
9.725694 1.290933 15.196552 
9.873902 1.279875 15.196552 
10.022073 1.269419 15.196552 
10.170205 1.259668 15.196552 
10.318299 1.250909 15.196552 
10.466353 1.243613 15.196552 
10.614367 1.238415 15.196552 
10.762341 1.236005 15.196552 
10.910273 1.236574 15.196552 
11.058164 1.239863 15.196552 
11.206013 1.245573 15.196552 
11.353819 1.253396 15.196552 
11.501581 1.263014 15.196552 
11.649301 1.274116 15.196552 
11.796975 1.286571 15.196552 
11.944605 1.300477 15.196552 
12.092190 1.315968 15.196552 
12.239728 1.333187 15.196552 
12.387220 1.352283 15.196552 
12.534665 1.373401 15.196552 
12.682063 1.396659 15.196552 
12.829412 1.421992 15.196552 
12.976713 1.449251 15.196552 
13.123965 1.478296 15.196552 
13.271167 1.509003 15.196552 
13.418318 1.541262 15.196552 
13.565419 1.574971 15.196552 
13.712468 1.610030 15.196552 
13.859466 1.646343 15.196552 
14.006411 1.683812 15.196552 
8.955261 1.600197 16.209655 
9.095234 1.637172 16.209655 
9.235243 1.673016 16.209655 
9.375288 1.707461 16.209655 
9.515368 1.740242 16.209655 
9.655486 1.771092 16.209655 
9.795641 1.799767 16.209655 
9.935833 1.826065 16.209655 
10.076064 1.849879 16.209655 
10.216333 1.871283 16.209655 
10.356642 1.890631 16.209655 
10.496990 1.908434 16.209655 
10.637379 1.924964 16.209655 
10.777808 1.940415 16.209655 
10.918278 1.954929 16.209655 
11.058791 1.968582 16.209655 
11.199345 1.981375 16.209655 
11.339942 1.993226 16.209655 
11.480582 2.003917 16.209655 
11.621266 2.013147 16.209655 
11.761995 2.020623 16.209655 
11.902767 2.026068 16.209655 
12.043585 2.029215 16.209655 
12.184449 2.029828 16.209655 
12.325359 2.028014 16.209655 
12.466315 2.024257 16.209655 
12.607319 2.019004 16.209655 
12.748371 2.012591 16.209655 
12.889470 2.005218 16.209655 
13.030618 1.996958 16.209655 
13.171816 1.987715 16.209655 
13.313063 1.976935 16.209655 
13.454360 1.964087 16.209655 
13.595708 1.948898 16.209655 
13.737106 1.931274 16.209655 
13.878557 1.911236 16.209655 
14.020060 1.888861 16.209655 
14.161615 1.864259 16.209655 
14.303223 1.837551 16.209655 
14.444886 1.808864 16.209655 
8.955261 1.600197 16.209655 
9.096806 1.573692 16.209655 
9.238317 1.548346 16.209655 
9.379791 1.524410 16.209655 
9.521230 1.502127 16.209655 
9.662632 1.481725 16.209655 
9.803996 1.463393 16.209655 
9.945323 1.447247 16.209655 
10.086611 1.433266 16.209655 
10.227861 1.421204 16.209655 
10.369072 1.410493 16.209655 
10.510243 1.400506 16.209655 
10.651373 1.391136 16.209655 
10.792463 1.382473 16.209655 
10.933512 1.374766 16.209655 
11.074519 1.368427 16.209655 
11.215484 1.364010 16.209655 
11.356406 1.362126 16.209655 
11.497285 1.362998 16.209655 
11.638120 1.366497 16.209655 
11.778911 1.372476 16.209655 
11.919658 1.380774 16.209655 
12.060359 1.391214 16.209655 
12.201014 1.403602 16.209655 
12.341624 1.417719 16.209655 
12.482187 1.433346 16.209655 
12.622702 1.450316 16.209655 
12.763170 1.468539 16.209655 
12.903590 1.488002 16.209655 
13.043961 1.508768 16.209655 
13.184282 1.530965 16.209655 
13.324555 1.554784 16.209655 
13.464777 1.580368 16.209655 
13.604948 1.607779 16.209655 
13.745069 1.637020 16.209655 
13.885137 1.668058 16.209655 
14.025154 1.700836 16.209655 
14.165118 1.735283 16.209655 
14.305028 1.771320 16.209655 
14.444886 1.808864 16.209655 
9.668074 1.697762 17.222759 
9.801050 1.733751 17.222759 
9.934063 1.768543 17.222759 
10.067114 1.801957 17.222759 
10.200204 1.833808 17.222759 
10.333333 1.863911 17.222759 
10.466501 1.892092 17.222759 
10.599710 1.918201 17.222759 
10.732959 1.942146 17.222759 
10.866248 1.963947 17.222759 
10.999580 1.983805 17.222759 
11.132953 2.002052 17.222759 
11.266368 2.018921 17.222759 
11.399826 2.034636 17.222759 
11.533327 2.049420 17.222759 
11.666872 2.063480 17.222759 
11.800461 2.076987 17.222759 
11.934094 2.090040 17.222759 
12.067773 2.102402 17.222759 
12.201497 2.113586 17.222759 
12.335266 2.123094 17.222759 
12.469082 2.130439 17.222759 
12.602945 2.135154 17.222759 
12.736855 2.136819 17.222759 
12.870813 2.135488 17.222759 
13.004819 2.131749 17.222759 
13.138874 2.126174 17.222759 
13.272978 2.119219 17.222759 
13.407131 2.111185 17.222759 
13.541334 2.102219 17.222759 
13.675588 2.092310 17.222759 
13.809892 2.081226 17.222759 
13.944248 2.068713 17.222759 
14.078655 2.054594 17.222759 
14.213115 2.038764 17.222759 
14.347628 2.021168 17.222759 
14.482193 2.001788 17.222759 
14.616812 1.980628 17.222759 
14.751486 1.957705 17.222759 
14.886214 1.933049 17.222759 
9.668074 1.697762 17.222759 
9.802696 1.673529 17.222759 
9.937280 1.650512 17.222759 
10.071825 1.628882 17.222759 
10.206332 1.608803 17.222759 
10.340800 1.590429 17.222759 
10.475229 1.573890 17.222759 
10.609617 1.559268 17.222759 
10.743965 1.546554 17.222759 
10.878272 1.535590 17.222759 
11.012538 1.526003 17.222759 
11.146761 1.517385 17.222759 
11.280943 1.509674 17.222759 
11.415082 1.502934 17.222759 
11.549178 1.497322 17.222759 
11.683230 1.493101 17.222759 
11.817238 1.490620 17.222759 
11.951201 1.490271 17.222759 
12.085120 1.492239 17.222759 
12.218993 1.496533 17.222759 
12.352820 1.503156 17.222759 
12.486601 1.512101 17.222759 
12.620335 1.523341 17.222759 
12.754021 1.536810 17.222759 
12.887660 1.552219 17.222759 
13.021251 1.569073 17.222759 
13.154794 1.586943 17.222759 
13.288287 1.605531 17.222759 
13.421731 1.624688 17.222759 
13.555124 1.644405 17.222759 
13.688468 1.664831 17.222759 
13.821760 1.686473 17.222759 
13.955001 1.709826 17.222759 
14.088190 1.735191 17.222759 
14.221328 1.762715 17.222759 
14.354412 1.792452 17.222759 
14.487443 1.824397 17.222759 
14.620421 1.858515 17.222759 
14.753344 1.894752 17.222759 
14.886214 1.933049 17.222759 
10.380074 1.796547 18.235862 
10.506153 1.831454 18.235862 
10.632271 1.865119 18.235862 
10.758429 1.897468 18.235862 
10.884628 1.928425 18.235862 
11.010868 1.957908 18.235862 
11.137149 1.985833 18.235862 
11.263473 2.012112 18.235862 
11.389838 2.036659 18.235862 
11.516247 2.059405 18.235862 
11.642698 2.080318 18.235862 
11.769193 2.099447 18.235862 
11.895732 2.116944 18.235862 
12.022315 2.133018 18.235862 
12.148943 2.147939 18.235862 
12.275617 2.162021 18.235862 
12.402335 2.175594 18.235862 
12.529100 2.188940 18.235862 
12.655911 2.201877 18.235862 
12.782769 2.213835 18.235862 
12.909675 2.224221 18.235862 
13.036628 2.232446 18.235862 
13.163629 2.237942 18.235862 
13.290678 2.240199 18.235862 
13.417776 2.239222 18.235862 
13.544924 2.235606 18.235862 
13.672121 2.229951 18.235862 
13.799369 2.222748 18.235862 
13.926667 2.214338 18.235862 
14.054015 2.204904 18.235862 
14.181416 2.194507 18.235862 
14.308868 2.183228 18.235862 
14.436372 2.171092 18.235862 
14.563928 2.158041 18.235862 
14.691538 2.143978 18.235862 
14.819201 2.128804 18.235862 
14.946918 2.112426 18.235862 
15.074689 2.094766 18.235862 
15.202515 2.075760 18.235862 
15.330396 2.055358 18.235862 
10.380074 1.796547 18.235862 
10.507859 1.774274 18.235862 
10.635603 1.753366 18.235862 
10.763308 1.733901 18.235862 
10.890971 1.715953 18.235862 
11.018594 1.699593 18.235862 
11.146175 1.684886 18.235862 
11.273715 1.671873 18.235862 
11.401212 1.660560 18.235862 
11.528666 1.650880 18.235862 
11.656077 1.642673 18.235862 
11.783445 1.635759 18.235862 
11.910768 1.630113 18.235862 
12.038048 1.625746 18.235862 
12.165282 1.622686 18.235862 
12.292472 1.620983 18.235862 
12.419616 1.620712 18.235862 
12.546713 1.621968 18.235862 
12.673765 1.624878 18.235862 
12.800769 1.629595 18.235862 
12.927727 1.636294 18.235862 
13.054636 1.645138 18.235862 
13.181498 1.656274 18.235862 
13.308311 1.669795 18.235862 
13.435076 1.685420 18.235862 
13.561791 1.702489 18.235862 
13.688456 1.720409 18.235862 
13.815071 1.738748 18.235862 
13.941636 1.757258 18.235862 
14.068150 1.775868 18.235862 
14.194612 1.794727 18.235862 
14.321023 1.814573 18.235862 
14.447381 1.836161 18.235862 
14.573687 1.859953 18.235862 
14.699940 1.886188 18.235862 
14.826140 1.914964 18.235862 
14.952286 1.946302 18.235862 
15.078377 1.980178 18.235862 
15.204414 2.016548 18.235862 
15.330396 2.055358 18.235862 
11.091252 1.899733 19.248966 
11.210534 1.933583 19.248966 
11.329859 1.966272 19.248966 
11.449225 1.997808 19.248966 
11.568633 2.028192 19.248966 
11.688084 2.057415 19.248966 
11.807578 2.085444 19.248966 
11.927115 2.112214 19.248966 
12.046696 2.137604 19.248966 
12.166321 2.161406 19.248966 
12.285991 2.183319 19.248966 
12.405705 2.203087 19.248966 
12.525465 2.220752 19.248966 
12.645270 2.236492 19.248966 
12.765121 2.250604 19.248966 
12.885018 2.263495 19.248966 
13.004963 2.275655 19.248966 
13.124954 2.287567 19.248966 
13.244993 2.299191 19.248966 
13.365079 2.310035 19.248966 
13.485214 2.319565 19.248966 
13.605397 2.327240 19.248966 
13.725629 2.332538 19.248966 
13.845911 2.334986 19.248966 
13.966242 2.334551 19.248966 
14.086623 2.331701 19.248966 
14.207054 2.326911 19.248966 
14.327537 2.320578 19.248966 
14.448070 2.312981 19.248966 
14.568655 2.304273 19.248966 
14.689292 2.294529 19.248966 
14.809982 2.283988 19.248966 
14.930723 2.272837 19.248966 
15.051518 2.261111 19.248966 
15.172367 2.248763 19.248966 
15.293269 2.235712 19.248966 
15.414225 2.221870 19.248966 
15.535235 2.207155 19.248966 
15.656301 2.191497 19.248966 
15.777422 2.174837 19.248966 
11.091252 1.899733 19.248966 
11.212285 1.879442 19.248966 
11.333278 1.860620 19.248966 
11.454228 1.843281 19.248966 
11.575136 1.827442 19.248966 
11.696002 1.813123 19.248966 
11.816824 1.800348 19.248966 
11.937603 1.789141 19.248966 
12.058339 1.779519 19.248966 
12.179030 1.771488 19.248966 
12.299677 1.765025 19.248966 
12.420279 1.760095 19.248966 
12.540836 1.756678 19.248966 
12.661347 1.754704 19.248966 
12.781812 1.754043 19.248966 
12.902231 1.754514 19.248966 
13.022603 1.755898 19.248966 
13.142928 1.757994 19.248966 
13.263206 1.760874 19.248966 
13.383436 1.764862 19.248966 
13.503618 1.770317 19.248966 
13.623751 1.777601 19.248966 
13.743835 1.787062 19.248966 
13.863870 1.798993 19.248966 
13.983855 1.813239 19.248966 
14.103791 1.829150 19.248966 
14.223676 1.846122 19.248966 
14.343510 1.863689 19.248966 
14.463292 1.881559 19.248966 
14.583024 1.899601 19.248966 
14.702703 1.917918 19.248966 
14.822330 1.937271 19.248966 
14.941905 1.958439 19.248966 
15.061427 1.981875 19.248966 
15.180895 2.007791 19.248966 
15.300309 2.036254 19.248966 
15.419669 2.067251 19.248966 
15.538975 2.100728 19.248966 
15.658226 2.136616 19.248966 
15.777422 2.174837 19.248966 
11.801601 2.007318 20.262069 
11.914190 2.040195 20.262069 
12.026822 2.072024 20.262069 
12.139497 2.102859 20.262069 
12.252215 2.132748 20.262069 
12.364977 2.161718 20.262069 
12.477783 2.189760 20.262069 
12.590634 2.216806 20.262069 
12.703529 2.242686 20.262069 
12.816470 2.267075 20.262069 
12.929456 2.289451 20.262069 
13.042487 2.309323 20.262069 
13.155565 2.326633 20.262069 
13.268689 2.341511 20.262069 
13.381860 2.354255 20.262069 
13.495077 2.365325 20.262069 
13.608343 2.375322 20.262069 
13.721656 2.384886 20.262069 
13.835017 2.394160 20.262069 
13.948426 2.402834 20.262069 
14.061885 2.410548 20.262069 
14.175392 2.416925 20.262069 
14.288949 2.421593 20.262069 
14.402555 2.424217 20.262069 
14.516212 2.424727 20.262069 
14.629919 2.423347 20.262069 
14.743677 2.420314 20.262069 
14.857486 2.415826 20.262069 
14.971346 2.410026 20.262069 
15.085258 2.402988 20.262069 
15.199222 2.394768 20.262069 
15.313239 2.385635 20.262069 
15.427308 2.375839 20.262069 
15.541431 2.365489 20.262069 
15.655607 2.354607 20.262069 
15.769836 2.343171 20.262069 
15.884120 2.331148 20.262069 
15.998458 2.318501 20.262069 
16.112851 2.305201 20.262069 
16.227299 2.291224 20.262069 
11.801601 2.007318 20.262069 
11.915971 1.989204 20.262069 
12.030298 1.972563 20.262069 
12.144582 1.957372 20.262069 
12.258822 1.943611 20.262069 
12.373019 1.931269 20.262069 
12.487172 1.920346 20.262069 
12.601280 1.910857 20.262069 
12.715344 1.902836 20.262069 
12.829362 1.896341 20.262069 
12.943335 1.891453 20.262069 
13.057262 1.888240 20.262069 
13.171144 1.886668 20.262069 
13.284979 1.886591 20.262069 
13.398767 1.887739 20.262069 
13.512508 1.889728 20.262069 
13.626201 1.892096 20.262069 
13.739847 1.894394 20.262069 
13.853445 1.896657 20.262069 
13.966994 1.899349 20.262069 
14.080495 1.902984 20.262069 
14.193946 1.908091 20.262069 
14.307348 1.915193 20.262069 
14.420701 1.924773 20.262069 
14.534003 1.936855 20.262069 
14.647255 1.950942 20.262069 
14.760456 1.966535 20.262069 
14.873606 1.983221 20.262069 
14.986704 2.000702 20.262069 
15.099751 2.018803 20.262069 
15.212746 2.037534 20.262069 
15.325688 2.057476 20.262069 
15.438578 2.079219 20.262069 
15.551414 2.103072 20.262069 
15.664197 2.129146 20.262069 
15.776926 2.157438 20.262069 
15.889602 2.187885 20.262069 
16.002222 2.220398 20.262069 
16.114788 2.254878 20.262069 
16.227299 2.291224 20.262069 
12.511120 2.118095 21.275172 
12.617117 2.150126 21.275172 
12.723158 2.181072 21.275172 
12.829243 2.211015 21.275172 
12.935372 2.240031 21.275172 
13.041546 2.268170 21.275172 
13.147764 2.295445 21.275172 
13.254028 2.321801 21.275172 
13.360337 2.347067 21.275172 
13.466691 2.370900 21.275172 
13.573091 2.392739 21.275172 
13.679538 2.412029 21.275172 
13.786031 2.428646 21.275172 
13.892571 2.442665 21.275172 
13.999158 2.454335 21.275172 
14.105793 2.464090 21.275172 
14.212476 2.472523 21.275172 
14.319206 2.480297 21.275172 
14.425985 2.487685 21.275172 
14.532812 2.494589 21.275172 
14.639689 2.500856 21.275172 
14.746614 2.506311 21.275172 
14.853589 2.510777 21.275172 
14.960614 2.514092 21.275172 
15.067690 2.516135 21.275172 
15.174815 2.516824 21.275172 
15.281991 2.516099 21.275172 
15.389219 2.513921 21.275172 
15.496497 2.510269 21.275172 
15.603828 2.505134 21.275172 
15.711210 2.498555 21.275172 
15.818644 2.490812 21.275172 
15.926131 2.482196 21.275172 
16.033671 2.472877 21.275172 
16.141264 2.462938 21.275172 
16.248910 2.452412 21.275172 
16.356610 2.441309 21.275172 
16.464365 2.429627 21.275172 
16.572173 2.417363 21.275172 
16.680036 2.404513 21.275172 
12.511120 2.118095 21.275172 
12.618913 2.102471 21.275172 
12.726662 2.088206 21.275172 
12.834368 2.075232 21.275172 
12.942029 2.063483 21.275172 
13.049646 2.052907 21.275172 
13.157218 2.043470 21.275172 
13.264745 2.035169 21.275172 
13.372227 2.028051 21.275172 
13.479663 2.022241 21.275172 
13.587054 2.017962 21.275172 
13.694397 2.015435 21.275172 
13.801695 2.014642 21.275172 
13.908945 2.015400 21.275172 
14.016149 2.017370 21.275172 
14.123305 2.020065 21.275172 
14.230413 2.022892 21.275172 
14.337473 2.025262 21.275172 
14.444485 2.027172 21.275172 
14.551448 2.029133 21.275172 
14.658362 2.031710 21.275172 
14.765227 2.035493 21.275172 
14.872043 2.041073 21.275172 
14.978808 2.049018 21.275172 
15.085524 2.059503 21.275172 
15.192189 2.072239 21.275172 
15.298803 2.086886 21.275172 
15.405366 2.103127 21.275172 
15.511878 2.120692 21.275172 
15.618338 2.139371 21.275172 
15.724747 2.159060 21.275172 
15.831103 2.180011 21.275172 
15.937407 2.202494 21.275172 
16.043657 2.226628 21.275172 
16.149855 2.252429 21.275172 
16.255999 2.279860 21.275172 
16.362090 2.308858 21.275172 
16.468126 2.339349 21.275172 
16.574108 2.371258 21.275172 
16.680036 2.404513 21.275172 
13.219777 2.231047 22.288276 
13.319289 2.262255 22.288276 
13.418844 2.292093 22.288276 
13.518444 2.320670 22.288276 
13.618088 2.348081 22.288276 
13.717777 2.374410 22.288276 
13.817511 2.399706 22.288276 
13.917290 2.423972 22.288276 
14.017115 2.447127 22.288276 
14.116986 2.468964 22.288276 
14.216903 2.489116 22.288276 
14.316866 2.507190 22.288276 
14.416876 2.523052 22.288276 
14.516932 2.536707 22.288276 
14.617036 2.548303 22.288276 
14.717187 2.558131 22.288276 
14.817386 2.566613 22.288276 
14.917633 2.574242 22.288276 
15.017928 2.581300 22.288276 
15.118272 2.587857 22.288276 
15.218664 2.593944 22.288276 
15.319106 2.599569 22.288276 
15.419596 2.604733 22.288276 
15.520137 2.609429 22.288276 
15.620727 2.613479 22.288276 
15.721367 2.616499 22.288276 
15.822057 2.618144 22.288276 
15.922798 2.618158 22.288276 
16.023590 2.616383 22.288276 
16.124433 2.612756 22.288276 
16.225328 2.607327 22.288276 
16.326274 2.600442 22.288276 
16.427272 2.592460 22.288276 
16.528323 2.583601 22.288276 
16.629425 2.573979 22.288276 
16.730581 2.563636 22.288276 
16.831790 2.552576 22.288276 
16.933052 2.540776 22.288276 
17.034367 2.528204 22.288276 
17.135736 2.514818 22.288276 
13.219777 2.231047 22.288276 
13.321084 2.218074 22.288276 
13.422347 2.206249 22.288276 
13.523566 2.195435 22.288276 
13.624740 2.185498 22.288276 
13.725870 2.176318 22.288276 
13.826954 2.167799 22.288276 
13.927993 2.159899 22.288276 
14.028987 2.152671 22.288276 
14.129935 2.146330 22.288276 
14.230836 2.141315 22.288276 
14.331691 2.138089 22.288276 
14.432500 2.136697 22.288276 
14.533262 2.136991 22.288276 
14.633976 2.138673 22.288276 
14.734643 2.141291 22.288276 
14.835263 2.144279 22.288276 
14.935834 2.147055 22.288276 
15.036358 2.149567 22.288276 
15.136833 2.152233 22.288276 
15.237259 2.155513 22.288276 
15.337636 2.159891 22.288276 
15.437963 2.165860 22.288276 
15.538241 2.173904 22.288276 
15.638470 2.184255 22.288276 
15.738648 2.196816 22.288276 
15.838776 2.211417 22.288276 
15.938853 2.227852 22.288276 
16.038880 2.245902 22.288276 
16.138855 2.265348 22.288276 
16.238779 2.285985 22.288276 
16.338651 2.307663 22.288276 
16.438471 2.330297 22.288276 
16.538239 2.353849 22.288276 
16.637955 2.378307 22.288276 
16.737618 2.403683 22.288276 
16.837227 2.429995 22.288276 
16.936784 2.457269 22.288276 
17.036287 2.485533 22.288276 
17.135736 2.514818 22.288276 
13.927519 2.345963 23.301379 
14.020656 2.375803 23.301379 
14.113838 2.403976 23.301379 
14.207063 2.430610 23.301379 
14.300333 2.455830 23.301379 
14.393648 2.479756 23.301379 
14.487007 2.502491 23.301379 
14.580412 2.524122 23.301379 
14.673862 2.544695 23.301379 
14.767358 2.564199 23.301379 
14.860899 2.582535 23.301379 
14.954487 2.599536 23.301379 
15.048120 2.615073 23.301379 
15.141801 2.629073 23.301379 
15.235528 2.641532 23.301379 
15.329302 2.652517 23.301379 
15.423123 2.662164 23.301379 
15.516992 2.670664 23.301379 
15.610908 2.678228 23.301379 
15.704873 2.685063 23.301379 
15.798886 2.691358 23.301379 
15.892947 2.697289 23.301379 
15.987056 2.703020 23.301379 
16.081215 2.708692 23.301379 
16.175423 2.714106 23.301379 
16.269680 2.718681 23.301379 
16.363986 2.721890 23.301379 
16.458343 2.723335 23.301379 
16.552749 2.722777 23.301379 
16.647206 2.720126 23.301379 
16.741713 2.715451 23.301379 
16.836271 2.709146 23.301379 
16.930881 2.701613 23.301379 
17.025541 2.693091 23.301379 
17.120253 2.683688 23.301379 
17.215016 2.673429 23.301379 
17.309832 2.662283 23.301379 
17.404699 2.650189 23.301379 
17.499620 2.637064 23.301379 
17.594592 2.622819 23.301379 
13.927519 2.345963 23.301379 
14.022436 2.334781 23.301379 
14.117310 2.324609 23.301379 
14.212139 2.315253 23.301379 
14.306924 2.306521 23.301379 
14.401665 2.298231 23.301379 
14.496360 2.290235 23.301379 
14.591011 2.282448 23.301379 
14.685616 2.274916 23.301379 
14.780175 2.267908 23.301379 
14.874689 2.262018 23.301379 
14.969156 2.257890 23.301379 
15.063578 2.255633 23.301379 
15.157952 2.255173 23.301379 
15.252280 2.256317 23.301379 
15.346561 2.258744 23.301379 
15.440795 2.262025 23.301379 
15.534981 2.265692 23.301379 
15.629120 2.269640 23.301379 
15.723210 2.274081 23.301379 
15.817253 2.279258 23.301379 
15.911247 2.285423 23.301379 
16.005192 2.292845 23.301379 
16.099089 2.301800 23.301379 
16.192936 2.312501 23.301379 
16.286734 2.325046 23.301379 
16.380483 2.339456 23.301379 
16.474181 2.355680 23.301379 
16.567830 2.373596 23.301379 
16.661428 2.393033 23.301379 
16.754976 2.413744 23.301379 
16.848473 2.435267 23.301379 
16.941918 2.457237 23.301379 
17.035313 2.479505 23.301379 
17.128656 2.502067 23.301379 
17.221948 2.524996 23.301379 
17.315187 2.548403 23.301379 
17.408375 2.572419 23.301379 
17.501510 2.597179 23.301379 
17.594592 2.622819 23.301379 
14.634441 2.462509 24.314483 
14.721304 2.490024 24.314483 
14.808211 2.515786 24.314483 
14.895162 2.539952 24.314483 
14.982156 2.562679 24.314483 
15.069195 2.584130 24.314483 
15.156278 2.604470 24.314483 
15.243406 2.623865 24.314483 
15.330578 2.642476 24.314483 
15.417796 2.660435 24.314483 
15.505058 2.677813 24.314483 
15.592366 2.694568 24.314483 
15.679720 2.710558 24.314483 
15.767119 2.725615 24.314483 
15.854565 2.739554 24.314483 
15.942057 2.752182 24.314483 
16.029595 2.763307 24.314483 
16.117180 2.772778 24.314483 
16.204811 2.780710 24.314483 
16.292490 2.787440 24.314483 
16.380216 2.793311 24.314483 
16.467990 2.798666 24.314483 
16.555811 2.803829 24.314483 
16.643680 2.809091 24.314483 
16.731597 2.814317 24.314483 
16.819563 2.818898 24.314483 
16.907577 2.822271 24.314483 
16.995639 2.824010 24.314483 
17.083751 2.823855 24.314483 
17.171912 2.821704 24.314483 
17.260122 2.817626 24.314483 
17.348382 2.811986 24.314483 
17.436691 2.805141 24.314483 
17.525050 2.797297 24.314483 
17.613460 2.788534 24.314483 
17.701920 2.778851 24.314483 
17.790430 2.768196 24.314483 
17.878992 2.756487 24.314483 
17.967604 2.743621 24.314483 
18.056267 2.729485 24.314483 
14.634441 2.462509 24.314483 
14.723056 2.451475 24.314483 
14.811628 2.441530 24.314483 
14.900155 2.432464 24.314483 
14.988639 2.424070 24.314483 
15.077079 2.416150 24.314483 
15.165474 2.408534 24.314483 
15.253824 2.401118 24.314483 
15.342130 2.393922 24.314483 
15.430391 2.387187 24.314483 
15.518607 2.381478 24.314483 
15.606777 2.377420 24.314483 
15.694902 2.375146 24.314483 
15.782980 2.374653 24.314483 
15.871013 2.375863 24.314483 
15.959000 2.378612 24.314483 
16.046940 2.382650 24.314483 
16.134833 2.387675 24.314483 
16.222680 2.393524 24.314483 
16.310479 2.400160 24.314483 
16.398231 2.407547 24.314483 
16.485936 2.415654 24.314483 
16.573593 2.424464 24.314483 
16.661202 2.433989 24.314483 
16.748763 2.444397 24.314483 
16.836276 2.456003 24.314483 
16.923740 2.469066 24.314483 
17.011156 2.483742 24.314483 
17.098523 2.500080 24.314483 
17.185840 2.518024 24.314483 
17.273108 2.537382 24.314483 
17.360327 2.557576 24.314483 
17.447496 2.578115 24.314483 
17.534615 2.598788 24.314483 
17.621683 2.619572 24.314483 
17.708702 2.640553 24.314483 
17.795669 2.661868 24.314483 
17.882586 2.683681 24.314483 
17.969452 2.706162 24.314483 
18.056267 2.729485 24.314483 
15.340570 2.580214 25.327586 
15.421250 2.604691 25.327586 
15.501972 2.627555 25.327586 
15.582738 2.648992 25.327586 
15.663548 2.669199 25.327586 
15.744400 2.688387 25.327586 
15.825297 2.706778 25.327586 
15.906237 2.724604 25.327586 
15.987222 2.742094 25.327586 
16.068250 2.759438 25.327586 
16.149323 2.776729 25.327586 
16.230440 2.793900 25.327586 
16.311602 2.810773 25.327586 
16.392810 2.827087 25.327586 
16.474062 2.842492 25.327586 
16.555359 2.856562 25.327586 
16.636702 2.868822 25.327586 
16.718091 2.878828 25.327586 
16.799525 2.886624 25.327586 
16.881005 2.892659 25.327586 
16.962532 2.897416 25.327586 
17.044105 2.901382 25.327586 
17.125724 2.905027 25.327586 
17.207390 2.908778 25.327586 
17.289103 2.912616 25.327586 
17.370863 2.916036 25.327586 
17.452671 2.918549 25.327586 
17.534525 2.919780 25.327586 
17.616428 2.919488 25.327586 
17.698378 2.917575 25.327586 
17.780376 2.914084 25.327586 
17.862422 2.909281 25.327586 
17.944516 2.903419 25.327586 
18.026659 2.896636 25.327586 
18.108851 2.888975 25.327586 
18.191092 2.880420 25.327586 
18.273381 2.870918 25.327586 
18.355720 2.860394 25.327586 
18.438108 2.848758 25.327586 
18.520546 2.835912 25.327586 
15.340570 2.580214 25.327586 
15.422965 2.568046 25.327586 
15.505318 2.557233 25.327586 
15.587628 2.547587 25.327586 
15.669894 2.538922 25.327586 
15.752117 2.531061 25.327586 
15.834297 2.523848 25.327586 
15.916432 2.517174 25.327586 
15.998523 2.511025 25.327586 
16.080571 2.505546 25.327586 
16.162573 2.501118 25.327586 
16.244532 2.498181 25.327586 
16.326445 2.496847 25.327586 
16.408314 2.497157 25.327586 
16.490137 2.499121 25.327586 
16.571916 2.502704 25.327586 
16.653648 2.507812 25.327586 
16.735336 2.514296 25.327586 
16.816977 2.521945 25.327586 
16.898572 2.530495 25.327586 
16.980121 2.539660 25.327586 
17.061624 2.549151 25.327586 
17.143081 2.558694 25.327586 
17.224490 2.568060 25.327586 
17.305853 2.577381 25.327586 
17.387169 2.587182 25.327586 
17.468437 2.597956 25.327586 
17.549658 2.610086 25.327586 
17.630831 2.623810 25.327586 
17.711957 2.639226 25.327586 
17.793035 2.656252 25.327586 
17.874064 2.674370 25.327586 
17.955045 2.693097 25.327586 
18.035978 2.712191 25.327586 
18.116862 2.731587 25.327586 
18.197697 2.751325 25.327586 
18.278483 2.771499 25.327586 
18.359220 2.792231 25.327586 
18.439908 2.813655 25.327586 
18.520546 2.835912 25.327586 
16.045717 2.698572 26.340690 
16.120313 2.720376 26.340690 
16.194951 2.740660 26.340690 
16.269632 2.759645 26.340690 
16.344355 2.777570 26.340690 
16.419122 2.794688 26.340690 
16.493931 2.811270 26.340690 
16.568784 2.827595 26.340690 
16.643680 2.843931 26.340690 
16.718619 2.860484 26.340690 
16.793602 2.877312 26.340690 
16.868629 2.894287 26.340690 
16.943699 2.911206 26.340690 
17.018814 2.927766 26.340690 
17.093973 2.943540 26.340690 
17.169176 2.957998 26.340690 
17.244423 2.970535 26.340690 
17.319716 2.980578 26.340690 
17.395053 2.988135 26.340690 
17.470435 2.993708 26.340690 
17.545862 2.997843 26.340690 
17.621334 3.001093 26.340690 
17.696852 3.003994 26.340690 
17.772415 3.007031 26.340690 
17.848024 3.010246 26.340690 
17.923678 3.013186 26.340690 
17.999379 3.015408 26.340690 
18.075126 3.016560 26.340690 
18.150919 3.016416 26.340690 
18.226759 3.014879 26.340690 
18.302645 3.011978 26.340690 
18.378578 3.007931 26.340690 
18.454557 3.002938 26.340690 
18.530584 2.997104 26.340690 
18.606658 2.990455 26.340690 
18.682779 2.982967 26.340690 
18.758948 2.974589 26.340690 
18.835165 2.965250 26.340690 
18.911429 2.954869 26.340690 
18.987741 2.943357 26.340690 
16.045717 2.698572 26.340690 
16.121994 2.685772 26.340690 
16.198228 2.674541 26.340690 
16.274421 2.664695 26.340690 
16.350570 2.656051 26.340690 
16.426677 2.648434 26.340690 
16.502740 2.641685 26.340690 
16.578761 2.635687 26.340690 
16.654738 2.630393 26.340690 
16.730672 2.625885 26.340690 
16.806562 2.622431 26.340690 
16.882408 2.620353 26.340690 
16.958211 2.619751 26.340690 
17.033969 2.620685 26.340690 
17.109683 2.623204 26.340690 
17.185353 2.627327 26.340690 
17.260979 2.633034 26.340690 
17.336559 2.640244 26.340690 
17.412095 2.648725 26.340690 
17.487586 2.658108 26.340690 
17.563032 2.667996 26.340690 
17.638433 2.677981 26.340690 
17.713789 2.687674 26.340690 
17.789098 2.696736 26.340690 
17.864362 2.705283 26.340690 
17.939581 2.713934 26.340690 
18.014753 2.723294 26.340690 
18.089879 2.733848 26.340690 
18.164959 2.745924 26.340690 
18.239993 2.759692 26.340690 
18.314980 2.775124 26.340690 
18.389920 2.791742 26.340690 
18.464813 2.809069 26.340690 
18.539659 2.826855 26.340690 
18.614458 2.845013 26.340690 
18.689210 2.863557 26.340690 
18.763914 2.882558 26.340690 
18.838571 2.902115 26.340690 
18.913180 2.922341 26.340690 
18.987741 2.943357 26.340690 
16.750022 2.817221 27.353793 
16.818614 2.837133 27.353793 
16.887249 2.855454 27.353793 
16.955925 2.872445 27.353793 
17.024644 2.888381 27.353793 
17.093405 2.903556 27.353793 
17.162209 2.918278 27.353793 
17.231055 2.932860 27.353793 
17.299944 2.947593 27.353793 
17.368876 2.962689 27.353793 
17.437851 2.978181 27.353793 
17.506869 2.993902 27.353793 
17.575930 3.009652 27.353793 
17.645034 3.025143 27.353793 
17.714182 3.039979 27.353793 
17.783373 3.053659 27.353793 
17.852608 3.065617 27.353793 
17.921887 3.075317 27.353793 
17.991210 3.082769 27.353793 
18.060577 3.088459 27.353793 
18.129987 3.092910 27.353793 
18.199442 3.096651 27.353793 
18.268942 3.100197 27.353793 
18.338486 3.104011 27.353793 
18.408074 3.108092 27.353793 
18.477707 3.111927 27.353793 
18.547385 3.115019 27.353793 
18.617108 3.116984 27.353793 
18.686876 3.117577 27.353793 
18.756689 3.116697 27.353793 
18.826548 3.114389 27.353793 
18.896452 3.110909 27.353793 
18.966401 3.106500 27.353793 
19.036396 3.101289 27.353793 
19.106437 3.095312 27.353793 
19.176524 3.088546 27.353793 
19.246657 3.080931 27.353793 
19.316835 3.072384 27.353793 
19.387061 3.062810 27.353793 
19.457332 3.052105 27.353793 
16.750022 2.817221 27.353793 
16.820266 2.804987 27.353793 
16.890468 2.794388 27.353793 
16.960627 2.785200 27.353793 
17.030745 2.777203 27.353793 
17.100820 2.770184 27.353793 
17.170853 2.763951 27.353793 
17.240843 2.758355 27.353793 
17.310790 2.753334 27.353793 
17.380695 2.748975 27.353793 
17.450557 2.745582 27.353793 
17.520375 2.743534 27.353793 
17.590150 2.742943 27.353793 
17.659883 2.743870 27.353793 
17.729571 2.746359 27.353793 
17.799216 2.750415 27.353793 
17.868818 2.755997 27.353793 
17.938375 2.763001 27.353793 
18.007889 2.771200 27.353793 
18.077359 2.780261 27.353793 
18.146784 2.789822 27.353793 
18.216166 2.799515 27.353793 
18.285503 2.808989 27.353793 
18.354795 2.817941 27.353793 
18.424043 2.826489 27.353793 
18.493247 2.835215 27.353793 
18.562405 2.844675 27.353793 
18.631518 2.855308 27.353793 
18.700587 2.867397 27.353793 
18.769610 2.881070 27.353793 
18.838588 2.896260 27.353793 
18.907521 2.912415 27.353793 
18.976408 2.929014 27.353793 
19.045249 2.945801 27.353793 
19.114045 2.962707 27.353793 
19.182794 2.979776 27.353793 
19.251498 2.997111 27.353793 
19.320156 3.014846 27.353793 
19.388767 3.033127 27.353793 
19.457332 3.052105 27.353793 
17.453695 2.935983 28.366897 
17.516342 2.954777 28.366897 
17.579031 2.971739 28.366897 
17.641762 2.987169 28.366897 
17.704535 3.001380 28.366897 
17.767350 3.014697 28.366897 
17.830207 3.027458 28.366897 
17.893106 3.040000 28.366897 
17.956048 3.052632 28.366897 
18.019032 3.065574 28.366897 
18.082058 3.078863 28.366897 
18.145127 3.092332 28.366897 
18.208239 3.105810 28.366897 
18.271393 3.119081 28.366897 
18.334591 3.131856 28.366897 
18.397831 3.143785 28.366897 
18.461114 3.154478 28.366897 
18.524440 3.163567 28.366897 
18.587810 3.171100 28.366897 
18.651222 3.177483 28.366897 
18.714678 3.183149 28.366897 
18.778177 3.188530 28.366897 
18.841720 3.194043 28.366897 
18.905306 3.200060 28.366897 
18.968936 3.206447 28.366897 
19.032610 3.212512 28.366897 
19.096327 3.217611 28.366897 
19.160089 3.221260 28.366897 
19.223894 3.223166 28.366897 
19.287743 3.223220 28.366897 
19.351637 3.221503 28.366897 
19.415574 3.218401 28.366897 
19.479556 3.214285 28.366897 
19.543583 3.209361 28.366897 
19.607654 3.203697 28.366897 
19.671769 3.197274 28.366897 
19.735929 3.190015 28.366897 
19.800134 3.181807 28.366897 
19.864383 3.172516 28.366897 
19.928678 3.161996 28.366897 
17.453695 2.935983 28.366897 
17.517970 2.925508 28.366897 
17.582204 2.916577 28.366897 
17.646395 2.908891 28.366897 
17.710544 2.902152 28.366897 
17.774652 2.896070 28.366897 
17.838717 2.890386 28.366897 
17.902740 2.884902 28.366897 
17.966720 2.879551 28.366897 
18.030658 2.874492 28.366897 
18.094554 2.870222 28.366897 
18.158407 2.867342 28.366897 
18.222218 2.866005 28.366897 
18.285985 2.866264 28.366897 
18.349710 2.868122 28.366897 
18.413392 2.871515 28.366897 
18.477031 2.876303 28.366897 
18.540627 2.882285 28.366897 
18.604180 2.889260 28.366897 
18.667690 2.897045 28.366897 
18.731156 2.905441 28.366897 
18.794579 2.914248 28.366897 
18.857958 2.923281 28.366897 
18.921294 2.932395 28.366897 
18.984587 2.941727 28.366897 
19.047835 2.951704 28.366897 
19.111040 2.962701 28.366897 
19.174201 2.974975 28.366897 
19.237318 2.988645 28.366897 
19.300390 3.003700 28.366897 
19.363419 3.019939 28.366897 
19.426403 3.036625 28.366897 
19.489344 3.053124 28.366897 
19.552239 3.069176 28.366897 
19.615091 3.084769 28.366897 
19.677898 3.100029 28.366897 
19.740660 3.115153 28.366897 
19.803377 3.130365 28.366897 
19.866050 3.145901 28.366897 
19.928678 3.161996 28.366897 
18.156901 3.054778 29.380000 
18.213644 3.073125 29.380000 
18.270430 3.089247 29.380000 
18.327257 3.103486 29.380000 
18.384126 3.116188 29.380000 
18.441037 3.127707 29.380000 
18.497990 3.138403 29.380000 
18.554985 3.148633 29.380000 
18.612022 3.158718 29.380000 
18.669102 3.168898 29.380000 
18.726223 3.179239 29.380000 
18.783387 3.189619 29.380000 
18.840593 3.199919 29.380000 
18.897841 3.210031 29.380000 
18.955132 3.219846 29.380000 
19.012465 3.229257 29.380000 
19.069841 3.238153 29.380000 
19.127259 3.246442 29.380000 
19.184720 3.254233 29.380000 
19.242223 3.261809 29.380000 
19.299769 3.269453 29.380000 
19.357357 3.277442 29.380000 
19.414989 3.286039 29.380000 
19.472663 3.295468 29.380000 
19.530380 3.305387 29.380000 
19.588140 3.314820 29.380000 
19.645942 3.322896 29.380000 
19.703788 3.328974 29.380000 
19.761677 3.332682 29.380000 
19.819609 3.333902 29.380000 
19.877583 3.332773 29.380000 
19.935601 3.329883 29.380000 
19.993663 3.325806 29.380000 
20.051767 3.320870 29.380000 
20.109915 3.315199 29.380000 
20.168106 3.308778 29.380000 
20.226340 3.301503 29.380000 
20.284618 3.293217 29.380000 
20.342940 3.283726 29.380000 
20.401304 3.272818 29.380000 
18.156901 3.054778 29.380000 
18.215255 3.047084 29.380000 
18.273567 3.040710 29.380000 
18.331838 3.035247 29.380000 
18.390066 3.030284 29.380000 
18.448253 3.025424 29.380000 
18.506397 3.020309 29.380000 
18.564500 3.014677 29.380000 
18.622560 3.008464 29.380000 
18.680579 3.001963 29.380000 
18.738555 2.995993 29.380000 
18.796489 2.991521 29.380000 
18.854380 2.988771 29.380000 
18.912229 2.987778 29.380000 
18.970036 2.988479 29.380000 
19.027801 2.990695 29.380000 
19.085523 2.994133 29.380000 
19.143202 2.998429 29.380000 
19.200839 3.003430 29.380000 
19.258434 3.009190 29.380000 
19.315985 3.015773 29.380000 
19.373494 3.023251 29.380000 
19.430961 3.031706 29.380000 
19.488384 3.041247 29.380000 
19.545765 3.052040 29.380000 
19.603103 3.064266 29.380000 
19.660397 3.078010 29.380000 
19.717649 3.093241 29.380000 
19.774858 3.109816 29.380000 
19.832024 3.127501 29.380000 
19.889147 3.145888 29.380000 
19.946226 3.163948 29.380000 
20.003263 3.180878 29.380000 
20.060256 3.196410 29.380000 
20.117206 3.210622 29.380000 
20.174112 3.223770 29.380000 
20.230976 3.236193 29.380000 
20.287795 3.248262 29.380000 
20.344572 3.260348 29.380000 
20.401304 3.272818 29.380000 
